%YAML:1.0
---
K: !!opencv-matrix
   rows: 3
   cols: 3
   dt: d
   data: [ 810.34075044838858, 0., 327.71357212050481, 0.,
       811.48688262704673, 214.16178689285658, 0., 0., 1. ]
D: !!opencv-matrix
   rows: 1
   cols: 5
   dt: d
   data: [ 0.14659499615736823, 6.4727120553091853,
       -0.016119104168933439, 0.017031893989994728, -69.765260380006964 ]
