%YAML:1.0
---
K: !!opencv-matrix
   rows: 3
   cols: 3
   dt: d
   data: [ 810.34075044312885, 0., 327.71357212611053, 0.,
       811.48688262103929, 214.16178689595199, 0., 0., 1. ]
D: !!opencv-matrix
   rows: 1
   cols: 5
   dt: d
   data: [ 0.14659499613224153, 6.4727120552471025,
       -0.016119104167051364, 0.017031893993872973, -69.765260373301089 ]
